# Tersoff, PRB 39, 5566 (1989)
#
# Potential for silicon.

[settings]
style = tersoff1989
comment = CITATION: J. Tersoff, Phys. Rev. B 39, 5566 (1989)

[C-C]
A = 1393.6
B = 346.74
lambda = 3.4879
mu = 2.2119
beta = 1.5724e-7
n = 0.72751
c = 38049
d = 4.3484
h = -0.57058
R = 1.8
S = 2.1

[Si-Si]
A = 1830.8
B = 471.18
lambda = 2.4799
mu = 1.7322
beta = 1.1e-6
n = 0.78734
c = 1.0039e5
d = 16.217
h = -0.59825
R = 2.7
S = 3.0

[C-Si]
chi = 0.9776
